8.670000000000000000e+02 8.310000000000000000e+02 8.120000000000000000e+02 7.710000000000000000e+02 7.370000000000000000e+02 7.030000000000000000e+02 2.170000000000000000e+02
8.670000000000000000e+02 8.310000000000000000e+02 8.120000000000000000e+02 7.710000000000000000e+02 7.370000000000000000e+02 7.030000000000000000e+02 2.320000000000000000e+02
8.670000000000000000e+02 8.310000000000000000e+02 8.120000000000000000e+02 7.710000000000000000e+02 7.370000000000000000e+02 7.030000000000000000e+02 2.530000000000000000e+02
8.670000000000000000e+02 8.310000000000000000e+02 8.120000000000000000e+02 7.710000000000000000e+02 7.370000000000000000e+02 7.030000000000000000e+02 2.770000000000000000e+02
8.670000000000000000e+02 8.310000000000000000e+02 8.120000000000000000e+02 7.710000000000000000e+02 7.370000000000000000e+02 7.030000000000000000e+02 3.030000000000000000e+02
8.670000000000000000e+02 8.310000000000000000e+02 8.120000000000000000e+02 7.710000000000000000e+02 7.370000000000000000e+02 7.030000000000000000e+02 3.290000000000000000e+02
8.670000000000000000e+02 8.310000000000000000e+02 8.120000000000000000e+02 7.710000000000000000e+02 7.370000000000000000e+02 7.030000000000000000e+02 3.640000000000000000e+02
8.670000000000000000e+02 8.310000000000000000e+02 8.120000000000000000e+02 7.710000000000000000e+02 7.370000000000000000e+02 7.030000000000000000e+02 3.900000000000000000e+02
8.670000000000000000e+02 8.310000000000000000e+02 8.120000000000000000e+02 7.710000000000000000e+02 7.370000000000000000e+02 7.030000000000000000e+02 4.220000000000000000e+02
8.670000000000000000e+02 8.310000000000000000e+02 8.120000000000000000e+02 7.710000000000000000e+02 7.370000000000000000e+02 7.030000000000000000e+02 4.440000000000000000e+02
8.670000000000000000e+02 8.310000000000000000e+02 8.120000000000000000e+02 7.710000000000000000e+02 7.370000000000000000e+02 7.030000000000000000e+02 4.790000000000000000e+02
8.670000000000000000e+02 8.310000000000000000e+02 8.120000000000000000e+02 7.710000000000000000e+02 7.370000000000000000e+02 7.030000000000000000e+02 5.020000000000000000e+02
8.670000000000000000e+02 8.310000000000000000e+02 8.120000000000000000e+02 7.710000000000000000e+02 7.370000000000000000e+02 7.030000000000000000e+02 5.300000000000000000e+02
8.670000000000000000e+02 8.310000000000000000e+02 8.120000000000000000e+02 7.710000000000000000e+02 7.370000000000000000e+02 7.030000000000000000e+02 5.690000000000000000e+02
8.670000000000000000e+02 8.310000000000000000e+02 8.120000000000000000e+02 7.710000000000000000e+02 7.370000000000000000e+02 7.030000000000000000e+02 6.080000000000000000e+02
8.670000000000000000e+02 8.310000000000000000e+02 8.120000000000000000e+02 7.710000000000000000e+02 7.370000000000000000e+02 7.030000000000000000e+02 6.480000000000000000e+02
8.670000000000000000e+02 8.310000000000000000e+02 8.120000000000000000e+02 7.710000000000000000e+02 7.370000000000000000e+02 7.030000000000000000e+02 6.550000000000000000e+02
8.670000000000000000e+02 8.310000000000000000e+02 8.120000000000000000e+02 7.710000000000000000e+02 7.370000000000000000e+02 7.030000000000000000e+02 6.550000000000000000e+02
8.670000000000000000e+02 8.310000000000000000e+02 8.120000000000000000e+02 7.710000000000000000e+02 7.370000000000000000e+02 7.030000000000000000e+02 6.550000000000000000e+02
8.670000000000000000e+02 8.310000000000000000e+02 8.120000000000000000e+02 7.710000000000000000e+02 7.370000000000000000e+02 7.030000000000000000e+02 6.550000000000000000e+02
8.670000000000000000e+02 8.310000000000000000e+02 8.120000000000000000e+02 7.710000000000000000e+02 7.370000000000000000e+02 7.030000000000000000e+02 6.550000000000000000e+02
8.670000000000000000e+02 8.310000000000000000e+02 8.120000000000000000e+02 7.710000000000000000e+02 7.370000000000000000e+02 7.030000000000000000e+02 6.550000000000000000e+02
8.670000000000000000e+02 8.310000000000000000e+02 8.120000000000000000e+02 7.710000000000000000e+02 7.370000000000000000e+02 7.030000000000000000e+02 6.550000000000000000e+02
8.670000000000000000e+02 8.310000000000000000e+02 8.120000000000000000e+02 7.710000000000000000e+02 7.370000000000000000e+02 7.030000000000000000e+02 6.550000000000000000e+02
8.670000000000000000e+02 8.310000000000000000e+02 8.120000000000000000e+02 7.710000000000000000e+02 7.370000000000000000e+02 7.030000000000000000e+02 6.550000000000000000e+02
8.670000000000000000e+02 8.310000000000000000e+02 8.120000000000000000e+02 7.710000000000000000e+02 7.370000000000000000e+02 7.030000000000000000e+02 6.550000000000000000e+02
8.670000000000000000e+02 8.310000000000000000e+02 8.120000000000000000e+02 7.710000000000000000e+02 7.370000000000000000e+02 7.030000000000000000e+02 6.550000000000000000e+02
8.670000000000000000e+02 8.310000000000000000e+02 8.120000000000000000e+02 7.710000000000000000e+02 7.370000000000000000e+02 7.030000000000000000e+02 6.550000000000000000e+02
8.670000000000000000e+02 8.310000000000000000e+02 8.120000000000000000e+02 7.710000000000000000e+02 7.370000000000000000e+02 7.030000000000000000e+02 6.550000000000000000e+02
8.670000000000000000e+02 8.310000000000000000e+02 8.120000000000000000e+02 7.710000000000000000e+02 7.370000000000000000e+02 7.030000000000000000e+02 6.550000000000000000e+02
8.670000000000000000e+02 8.310000000000000000e+02 8.120000000000000000e+02 7.710000000000000000e+02 7.370000000000000000e+02 7.030000000000000000e+02 6.550000000000000000e+02
8.670000000000000000e+02 8.310000000000000000e+02 8.120000000000000000e+02 7.710000000000000000e+02 7.370000000000000000e+02 7.030000000000000000e+02 6.550000000000000000e+02
8.670000000000000000e+02 8.310000000000000000e+02 8.120000000000000000e+02 7.710000000000000000e+02 7.370000000000000000e+02 7.030000000000000000e+02 6.550000000000000000e+02
8.670000000000000000e+02 8.310000000000000000e+02 8.120000000000000000e+02 7.710000000000000000e+02 7.370000000000000000e+02 7.030000000000000000e+02 6.550000000000000000e+02
8.670000000000000000e+02 8.310000000000000000e+02 8.120000000000000000e+02 7.710000000000000000e+02 7.370000000000000000e+02 7.030000000000000000e+02 6.550000000000000000e+02
8.670000000000000000e+02 8.310000000000000000e+02 8.120000000000000000e+02 7.710000000000000000e+02 7.370000000000000000e+02 7.030000000000000000e+02 6.550000000000000000e+02
8.670000000000000000e+02 8.310000000000000000e+02 8.120000000000000000e+02 7.710000000000000000e+02 7.370000000000000000e+02 7.030000000000000000e+02 6.550000000000000000e+02
8.670000000000000000e+02 8.310000000000000000e+02 8.120000000000000000e+02 7.710000000000000000e+02 7.370000000000000000e+02 7.030000000000000000e+02 6.550000000000000000e+02
8.670000000000000000e+02 8.310000000000000000e+02 8.120000000000000000e+02 7.710000000000000000e+02 7.370000000000000000e+02 7.030000000000000000e+02 6.550000000000000000e+02
8.670000000000000000e+02 8.310000000000000000e+02 8.120000000000000000e+02 7.710000000000000000e+02 7.370000000000000000e+02 7.030000000000000000e+02 6.550000000000000000e+02
8.670000000000000000e+02 8.310000000000000000e+02 8.120000000000000000e+02 7.710000000000000000e+02 7.370000000000000000e+02 7.030000000000000000e+02 6.550000000000000000e+02
8.670000000000000000e+02 8.310000000000000000e+02 8.120000000000000000e+02 7.710000000000000000e+02 7.370000000000000000e+02 7.030000000000000000e+02 6.550000000000000000e+02
8.670000000000000000e+02 8.310000000000000000e+02 8.120000000000000000e+02 7.710000000000000000e+02 7.370000000000000000e+02 7.030000000000000000e+02 6.550000000000000000e+02
8.670000000000000000e+02 8.310000000000000000e+02 8.120000000000000000e+02 7.710000000000000000e+02 7.370000000000000000e+02 7.030000000000000000e+02 6.550000000000000000e+02
8.670000000000000000e+02 8.310000000000000000e+02 8.120000000000000000e+02 7.710000000000000000e+02 7.370000000000000000e+02 7.030000000000000000e+02 6.550000000000000000e+02
8.670000000000000000e+02 8.310000000000000000e+02 8.120000000000000000e+02 7.710000000000000000e+02 7.370000000000000000e+02 7.030000000000000000e+02 6.550000000000000000e+02
8.670000000000000000e+02 8.310000000000000000e+02 8.120000000000000000e+02 7.710000000000000000e+02 7.370000000000000000e+02 7.030000000000000000e+02 6.550000000000000000e+02
8.670000000000000000e+02 8.310000000000000000e+02 8.120000000000000000e+02 7.710000000000000000e+02 7.370000000000000000e+02 7.030000000000000000e+02 6.550000000000000000e+02
8.670000000000000000e+02 8.310000000000000000e+02 8.120000000000000000e+02 7.710000000000000000e+02 7.370000000000000000e+02 7.030000000000000000e+02 6.550000000000000000e+02
8.670000000000000000e+02 8.310000000000000000e+02 8.120000000000000000e+02 7.710000000000000000e+02 7.370000000000000000e+02 7.030000000000000000e+02 6.550000000000000000e+02
8.670000000000000000e+02 8.310000000000000000e+02 8.120000000000000000e+02 7.710000000000000000e+02 7.370000000000000000e+02 7.030000000000000000e+02 6.550000000000000000e+02
8.670000000000000000e+02 8.310000000000000000e+02 8.120000000000000000e+02 7.710000000000000000e+02 7.370000000000000000e+02 7.030000000000000000e+02 6.550000000000000000e+02
8.670000000000000000e+02 8.310000000000000000e+02 8.120000000000000000e+02 7.710000000000000000e+02 7.370000000000000000e+02 7.030000000000000000e+02 6.550000000000000000e+02
8.670000000000000000e+02 8.310000000000000000e+02 8.120000000000000000e+02 7.710000000000000000e+02 7.370000000000000000e+02 7.030000000000000000e+02 6.550000000000000000e+02
8.670000000000000000e+02 8.310000000000000000e+02 8.120000000000000000e+02 7.710000000000000000e+02 7.370000000000000000e+02 7.030000000000000000e+02 6.550000000000000000e+02
8.670000000000000000e+02 8.310000000000000000e+02 8.120000000000000000e+02 7.710000000000000000e+02 7.370000000000000000e+02 7.030000000000000000e+02 6.550000000000000000e+02
8.670000000000000000e+02 8.310000000000000000e+02 8.120000000000000000e+02 7.710000000000000000e+02 7.370000000000000000e+02 7.030000000000000000e+02 6.550000000000000000e+02
8.670000000000000000e+02 8.310000000000000000e+02 8.120000000000000000e+02 7.710000000000000000e+02 7.370000000000000000e+02 7.030000000000000000e+02 6.550000000000000000e+02
8.670000000000000000e+02 8.310000000000000000e+02 8.120000000000000000e+02 7.710000000000000000e+02 7.370000000000000000e+02 7.030000000000000000e+02 6.550000000000000000e+02
8.670000000000000000e+02 8.310000000000000000e+02 8.120000000000000000e+02 7.710000000000000000e+02 7.370000000000000000e+02 7.030000000000000000e+02 6.550000000000000000e+02
8.670000000000000000e+02 8.310000000000000000e+02 8.120000000000000000e+02 7.710000000000000000e+02 7.370000000000000000e+02 7.030000000000000000e+02 6.550000000000000000e+02
8.670000000000000000e+02 8.310000000000000000e+02 8.120000000000000000e+02 7.710000000000000000e+02 7.370000000000000000e+02 7.030000000000000000e+02 6.550000000000000000e+02
8.670000000000000000e+02 8.310000000000000000e+02 8.120000000000000000e+02 7.710000000000000000e+02 7.370000000000000000e+02 7.030000000000000000e+02 6.550000000000000000e+02
8.670000000000000000e+02 8.310000000000000000e+02 8.120000000000000000e+02 7.710000000000000000e+02 7.370000000000000000e+02 7.030000000000000000e+02 6.550000000000000000e+02
8.670000000000000000e+02 8.310000000000000000e+02 8.120000000000000000e+02 7.710000000000000000e+02 7.370000000000000000e+02 7.030000000000000000e+02 6.550000000000000000e+02
8.670000000000000000e+02 8.310000000000000000e+02 8.120000000000000000e+02 7.710000000000000000e+02 7.370000000000000000e+02 7.030000000000000000e+02 6.550000000000000000e+02
8.670000000000000000e+02 8.310000000000000000e+02 8.120000000000000000e+02 7.710000000000000000e+02 7.370000000000000000e+02 7.030000000000000000e+02 6.550000000000000000e+02
8.670000000000000000e+02 8.310000000000000000e+02 8.120000000000000000e+02 7.710000000000000000e+02 7.370000000000000000e+02 7.030000000000000000e+02 6.550000000000000000e+02
8.670000000000000000e+02 8.310000000000000000e+02 8.120000000000000000e+02 7.710000000000000000e+02 7.370000000000000000e+02 7.030000000000000000e+02 6.550000000000000000e+02
8.670000000000000000e+02 8.310000000000000000e+02 8.120000000000000000e+02 7.710000000000000000e+02 7.370000000000000000e+02 7.030000000000000000e+02 6.550000000000000000e+02
8.670000000000000000e+02 8.310000000000000000e+02 8.120000000000000000e+02 7.710000000000000000e+02 7.370000000000000000e+02 7.030000000000000000e+02 6.550000000000000000e+02
8.670000000000000000e+02 8.310000000000000000e+02 8.120000000000000000e+02 7.710000000000000000e+02 7.370000000000000000e+02 7.030000000000000000e+02 6.550000000000000000e+02
8.670000000000000000e+02 8.310000000000000000e+02 8.120000000000000000e+02 7.710000000000000000e+02 7.370000000000000000e+02 7.030000000000000000e+02 6.550000000000000000e+02
8.670000000000000000e+02 8.310000000000000000e+02 8.120000000000000000e+02 7.710000000000000000e+02 7.370000000000000000e+02 7.030000000000000000e+02 6.550000000000000000e+02
8.670000000000000000e+02 8.310000000000000000e+02 8.120000000000000000e+02 7.710000000000000000e+02 7.370000000000000000e+02 7.030000000000000000e+02 6.550000000000000000e+02
8.670000000000000000e+02 8.310000000000000000e+02 8.120000000000000000e+02 7.710000000000000000e+02 7.370000000000000000e+02 7.030000000000000000e+02 6.550000000000000000e+02
8.670000000000000000e+02 8.310000000000000000e+02 8.120000000000000000e+02 7.710000000000000000e+02 7.370000000000000000e+02 7.030000000000000000e+02 6.550000000000000000e+02
8.670000000000000000e+02 8.310000000000000000e+02 8.120000000000000000e+02 7.710000000000000000e+02 7.370000000000000000e+02 7.030000000000000000e+02 6.550000000000000000e+02
8.670000000000000000e+02 8.310000000000000000e+02 8.120000000000000000e+02 7.710000000000000000e+02 7.370000000000000000e+02 7.030000000000000000e+02 6.550000000000000000e+02
8.670000000000000000e+02 8.310000000000000000e+02 8.120000000000000000e+02 7.710000000000000000e+02 7.370000000000000000e+02 7.030000000000000000e+02 6.550000000000000000e+02
8.670000000000000000e+02 8.310000000000000000e+02 8.120000000000000000e+02 7.710000000000000000e+02 7.370000000000000000e+02 7.030000000000000000e+02 6.550000000000000000e+02
8.670000000000000000e+02 8.310000000000000000e+02 8.120000000000000000e+02 7.710000000000000000e+02 7.370000000000000000e+02 7.030000000000000000e+02 6.550000000000000000e+02
8.670000000000000000e+02 8.310000000000000000e+02 8.120000000000000000e+02 7.710000000000000000e+02 7.370000000000000000e+02 7.030000000000000000e+02 6.550000000000000000e+02
8.670000000000000000e+02 8.310000000000000000e+02 8.120000000000000000e+02 7.710000000000000000e+02 7.370000000000000000e+02 7.030000000000000000e+02 6.550000000000000000e+02
8.670000000000000000e+02 8.310000000000000000e+02 8.120000000000000000e+02 7.710000000000000000e+02 7.370000000000000000e+02 7.030000000000000000e+02 6.550000000000000000e+02
8.670000000000000000e+02 8.310000000000000000e+02 8.120000000000000000e+02 7.710000000000000000e+02 7.370000000000000000e+02 7.030000000000000000e+02 6.550000000000000000e+02
8.670000000000000000e+02 8.310000000000000000e+02 8.120000000000000000e+02 7.710000000000000000e+02 7.370000000000000000e+02 7.030000000000000000e+02 6.550000000000000000e+02
8.670000000000000000e+02 8.310000000000000000e+02 8.120000000000000000e+02 7.710000000000000000e+02 7.370000000000000000e+02 7.030000000000000000e+02 6.550000000000000000e+02
8.670000000000000000e+02 8.310000000000000000e+02 8.120000000000000000e+02 7.710000000000000000e+02 7.370000000000000000e+02 7.030000000000000000e+02 6.550000000000000000e+02
8.670000000000000000e+02 8.310000000000000000e+02 8.120000000000000000e+02 7.710000000000000000e+02 7.370000000000000000e+02 7.030000000000000000e+02 6.550000000000000000e+02
8.670000000000000000e+02 8.310000000000000000e+02 8.120000000000000000e+02 7.710000000000000000e+02 7.370000000000000000e+02 7.030000000000000000e+02 6.550000000000000000e+02
8.670000000000000000e+02 8.310000000000000000e+02 8.120000000000000000e+02 7.710000000000000000e+02 7.370000000000000000e+02 7.030000000000000000e+02 6.550000000000000000e+02
8.670000000000000000e+02 8.310000000000000000e+02 8.120000000000000000e+02 7.710000000000000000e+02 7.370000000000000000e+02 7.030000000000000000e+02 6.550000000000000000e+02
8.670000000000000000e+02 8.310000000000000000e+02 8.120000000000000000e+02 7.710000000000000000e+02 7.370000000000000000e+02 7.030000000000000000e+02 6.550000000000000000e+02
8.670000000000000000e+02 8.310000000000000000e+02 8.120000000000000000e+02 7.710000000000000000e+02 7.370000000000000000e+02 7.030000000000000000e+02 6.550000000000000000e+02
8.670000000000000000e+02 8.310000000000000000e+02 8.120000000000000000e+02 7.710000000000000000e+02 7.370000000000000000e+02 7.030000000000000000e+02 6.550000000000000000e+02
8.670000000000000000e+02 8.310000000000000000e+02 8.120000000000000000e+02 7.710000000000000000e+02 7.370000000000000000e+02 7.030000000000000000e+02 6.550000000000000000e+02
8.670000000000000000e+02 8.310000000000000000e+02 8.120000000000000000e+02 7.710000000000000000e+02 7.370000000000000000e+02 7.030000000000000000e+02 6.550000000000000000e+02
8.670000000000000000e+02 8.310000000000000000e+02 8.120000000000000000e+02 7.710000000000000000e+02 7.370000000000000000e+02 7.030000000000000000e+02 6.550000000000000000e+02
8.670000000000000000e+02 8.310000000000000000e+02 8.120000000000000000e+02 7.710000000000000000e+02 7.370000000000000000e+02 7.030000000000000000e+02 6.550000000000000000e+02
